7032276210
7036202225
7039036549
7306657444
7382561927
7396294736
7411119867
7416836278
7660010619
7702004956
7842639042
8008605766
8008795332
8008937773
8019543639
8019653931
8106068680
8106463453
8106788331
8121275206
8121275207
8121434186
8142154442
8142365432
8143420195
8179574016
8286719928
8341160768
8522925663
8686214236
8712822750
8801574583
8885887837
8886013737
8886309300
8897649604
8943435585
8977093269
8977338645
8977793837
8978163883
8978967890
8985776865
9000000620
9000516215
9004276117
9004276117
9010294869
9014388898
9030003328
9030226109
9052186681
9052355769
9059999680
9160045371
9160144224
9247736360
9440422469
9441188673
9490311529
9490813328
9493516847
9494542266
9494802642
9533224587
9542226733
9542745680
9550686460
9550686460
9550723467
9550723467
9573751115
9581299988
9581810789
9603660433
9618739041
9642821488
9652414816
9676591970
9676591970
9676733790
9676921227
9686519495
9700092165
9700381009
9701403031
9703669778
9704489894
9705169792
9790886542
9821991087
9848018910
9848480958
9853639138
9866227022
9885103379
9885172413
9885172413
9885202343
9885256212
9885297230
9885549921
9885991042
9908599937
9908599937
9908911927
9912211179
9948411101
9948696202
9949021411
9949905974
9951356256
9958839188
9959098811
9959596055
9959701318
9959862200
9963108070
9963942086
9966180949
9966729551
9966888872
9966949025
9985198745
9985348863
9989525931